
Title: Moby Dick
Full Name: Herman Melville
First Name: Herman
Last Name: Melville
Line Count: 18
Word Count: 184
a: 6.44796%
b: 1.0181%
c: 2.0362%
d: 2.37557%
e: 12.1041%
f: 2.48869%
g: 2.71493%
h: 5.76923%
i: 9.04977%
j: 0%
k: 0.452489%
l: 5.0905%
m: 3.39367%
n: 7.01358%
o: 7.01358%
p: 2.82805%
q: 0.226244%
r: 6.33484%
s: 5.99548%
t: 8.59729%
u: 2.94118%
v: 1.47059%
w: 1.92308%
x: 0%
y: 2.48869%
z: 0.226244%
